Bernen
Grogsport
Malmstad
Mjødby
Revby
Friesen
Hemmersborg
Tupperville
Atyth
Bravollr
Burfell Grove
Helgasker
Reynir
Bagnaro
Selfoss
Valbrand's Fork
Inglasten
Shriven
Gissilundr
Rottelandsby
Fjoll
Wodeston
Hamor
Jershin
Snöstad
Brumbleberry
